,country,pct0,pct1,pct2,pct3,pct4,pct5
0,China,0.01818181818181818,0.0,0.9818181818181818,0.0,0.0,0.0
1,Bangladesh,0.8962765957446809,0.05585106382978723,0.0398936170212766,0.0026595744680851063,0.005319148936170213,0.0
2,Egypt,0.05357142857142857,0.023809523809523808,0.6349206349206349,0.0,0.2876984126984127,0.0
3,Mexico,0.0,0.8823529411764706,0.11764705882352941,0.0,0.0,0.0
4,India,0.049079754601226995,0.401840490797546,0.5337423312883436,0.010736196319018405,0.004601226993865031,0.0
5,Ghana,0.28688524590163933,0.01639344262295082,0.21311475409836064,0.45081967213114754,0.0,0.03278688524590164
6,Brazil,0.29411764705882354,0.0,0.7058823529411765,0.0,0.0,0.0
7,Morocco,0.08333333333333333,0.0,0.9166666666666666,0.0,0.0,0.0
8,Iraq,0.0,0.03333333333333333,0.9666666666666667,0.0,0.0,0.0
9,France,0.06741573033707865,0.0,0.9325842696629213,0.0,0.0,0.0
10,Netherlands,0.058823529411764705,0.0,0.9411764705882353,0.0,0.0,0.0
11,Hong Kong,0.24271844660194175,0.1262135922330097,0.6310679611650486,0.0,0.0,0.0
12,Uruguay,0.875,0.0,0.125,0.0,0.0,0.0
13,Serbia,0.7931034482758621,0.006896551724137931,0.19310344827586207,0.0,0.0,0.006896551724137931
14,Argentina,0.0,0.0,1.0,0.0,0.0,0.0
15,Pakistan,0.125,0.2,0.675,0.0,0.0,0.0
16,Dominican Republic,0.0,0.0,0.0,1.0,0.0,0.0
17,Benin,0.0,0.0,1.0,0.0,0.0,0.0
18,Italy,0.21621621621621623,0.0,0.6891891891891891,0.06756756756756757,0.02702702702702703,0.0
19,West Bank,0.8888888888888888,0.0,0.1111111111111111,0.0,0.0,0.0
20,Russia,0.6818181818181818,0.0,0.3181818181818182,0.0,0.0,0.0
21,Japan,0.782258064516129,0.0,0.21774193548387097,0.0,0.0,0.0
22,Chile,0.35177865612648224,0.0,0.6482213438735178,0.0,0.0,0.0
23,Peru,0.6382978723404256,0.0,0.3404255319148936,0.010638297872340425,0.0,0.010638297872340425
24,Myanmar,0.0,1.0,0.0,0.0,0.0,0.0
25,South Korea,0.05263157894736842,0.0,0.9473684210526315,0.0,0.0,0.0
26,Mali,0.0,0.0,1.0,0.0,0.0,0.0
27,Tunisia,0.2,0.01818181818181818,0.7818181818181819,0.0,0.0,0.0
28,Spain,0.09090909090909091,0.0,0.9090909090909091,0.0,0.0,0.0
29,Belgium,0.0,0.0,1.0,0.0,0.0,0.0
30,Germany,0.1780821917808219,0.0136986301369863,0.8082191780821918,0.0,0.0,0.0
31,Taiwan,0.09523809523809523,0.09523809523809523,0.7619047619047619,0.0,0.0,0.047619047619047616
32,Bahrain,0.6666666666666666,0.016260162601626018,0.3170731707317073,0.0,0.0,0.0
33,Cambodia,0.0,0.0,1.0,0.0,0.0,0.0
34,Ecuador,0.75,0.0,0.25,0.0,0.0,0.0
35,Canada,0.3333333333333333,0.0,0.6666666666666666,0.0,0.0,0.0
36,Turkey,0.5238095238095238,0.023809523809523808,0.4523809523809524,0.0,0.0,0.0
37,Nigeria,1.0,0.0,0.0,0.0,0.0,0.0
38,Poland,0.34265734265734266,0.02097902097902098,0.6363636363636364,0.0,0.0,0.0
39,United Kingdom,0.25,0.0,0.75,0.0,0.0,0.0
40,Philippines,0.9583333333333334,0.0,0.041666666666666664,0.0,0.0,0.0
41,Israel,0.25,0.25,0.5,0.0,0.0,0.0
42,Malta,0.0,1.0,0.0,0.0,0.0,0.0
43,Malaysia,0.0,0.0,1.0,0.0,0.0,0.0
44,Puerto Rico,0.125,0.0,0.875,0.0,0.0,0.0
45,Iran,0.0,0.14285714285714285,0.8571428571428571,0.0,0.0,0.0
46,Denmark,1.0,0.0,0.0,0.0,0.0,0.0
47,Venezuela,0.3333333333333333,0.0,0.6666666666666666,0.0,0.0,0.0
48,Sierra Leone,0.2,0.0,0.8,0.0,0.0,0.0
49,Belize,0.5,0.0,0.5,0.0,0.0,0.0
50,Guatemala,0.0,0.0,1.0,0.0,0.0,0.0
51,Georgia,0.0,0.0,1.0,0.0,0.0,0.0
52,Saudi Arabia,0.40350877192982454,0.07017543859649122,0.5263157894736842,0.0,0.0,0.0
53,Jordan,0.43478260869565216,0.0,0.5652173913043478,0.0,0.0,0.0
54,Lebanon,0.25,0.0,0.75,0.0,0.0,0.0
55,Zambia,1.0,0.0,0.0,0.0,0.0,0.0
56,Thailand,0.0,0.0,1.0,0.0,0.0,0.0
57,New Zealand,0.0,0.0,1.0,0.0,0.0,0.0
58,Timor-Leste,0.0,0.0,1.0,0.0,0.0,0.0
59,Czech Republic,0.7391304347826086,0.0,0.2608695652173913,0.0,0.0,0.0
60,Jamaica,0.0,0.0,1.0,0.0,0.0,0.0
61,Colombia,0.0,0.0,1.0,0.0,0.0,0.0
62,Greece,0.6288659793814433,0.0,0.3711340206185567,0.0,0.0,0.0
63,Guam,0.0,0.0,1.0,0.0,0.0,0.0
64,Kazakhstan,0.25,0.0,0.75,0.0,0.0,0.0
65,Sri Lanka,0.25,0.0,0.75,0.0,0.0,0.0
66,South Africa,0.0,0.0,1.0,0.0,0.0,0.0
67,Viet Nam,0.0,0.0,1.0,0.0,0.0,0.0
68,Sweden,0.0,0.0,1.0,0.0,0.0,0.0
69,Nepal,0.0,0.0,1.0,0.0,0.0,0.0
70,Finland,0.0,0.0,1.0,0.0,0.0,0.0
71,USA,0.12307692307692308,0.08717948717948718,0.6051282051282051,0.005128205128205128,0.0,0.1794871794871795
72,Australia,0.9333333333333333,0.0,0.06666666666666667,0.0,0.0,0.0
